212
241
247
272
300
305
351
407
412
435
447
488
514
515
520
522
539
544
598
662
678
699
709
773
775
785
791
798
800
817
931
934
1017
1066
1116
1290
1361
1512
1617
1620
1654
1673
1797
1915
1937
1945
2024
2027
2098
2152
2162
2179
2189
2241
2244
2280
2291
2323
2385
2386
2410
2420
2423
2440
2459
2463
2465
2507
2517
2533
2537
2540
2544
2554
2563
2575
2583
2665
2739
2788
2800
2992
2998
3003
3016
3032
3078
3082
3085
3095
3101
3110
3126
3145
3153
3158
3161
3167
3173
3208
3230
3235
3241
3244
3250
3262
3273
3274
3284
3299
3307
3317
3323
3329
3334
3340
3345
3349
3354
3382
3387
3399
3402
3411
3428
3435
3447
3478
3480
3484
3494
3501
3517
3519
3520
3530
3535
3538
3548
3568
3573
3575
3583
3584
3599
3602
3603
3623
3633
3635
3642
3644
3666
3671
3673
3688
3715
3717
3723
3726
3745
3746
3747
3778
3812
3815
3823
3839
3845
3848
3850
3851
3861
3862
3867
3877
3887
3889
3890
3896
3914
3926
3937
3941
3948
3952
3965
3972
3976
4000
4014
4019
4037
4110
4145
4181
4195
4204
4213
4216
4217
4219
4230
4234
4247
4255
4256
4263
4267
4268
4273
4280
4287
4299
4311
4319
4344
4352
4357
4374
4386
4396
4420
4428
4435
4436
4437
4468
4476
4496
4499
4509
4520
4530
4537
4562
4577
4601
4637
4664
4668
4691
4692
4773
4798
4803
4812
4819
4831
4843
4845
4848
4858
4862
4864
4877
4879
4897
4921
4929
4930
4932
4936
4939
4960
4971
4974
5002
5020
5022
5023
5025
5035
5038
5043
5044
5060
5066
5067
5125
5151
5162
5173
5176
5177
5186
5189
5195
5199
5203
5210
5217
5227
5229
5240
5251
5252
5261
5272
5276
5284
5287
5303
5322
5334
5335
5339
5341
5349
5350
5368
5371
5393
5401
5405
5409
5411
5415
5435
5436
5440
5455
5496
5497
5499
5524
5548
5568
5603
5617
5618
5653
5659
5661
5754
5921
5932
5942
5950
5952
5981
5984
5989
6006
6073
6157
6195
6255
6256
6274
6365
6409
6432
6448
6537
6596
6655
6661
6704
6732
6768
6770
6772
6781
6784
6797
6810
6864
6945
6972
6996
7019
7039
7043
7045
7051
7194
7204
7219
7245
7246
7247
7248
7251
7306
7307
7309
7344
7345
7346
7400
7401
7415
7432
7565
7596
7620
7631
7633
7654
7655
7674
7710
7723
7726
7735
7739
7741
7745
7763
7764
7769
7773
7776
7792
7799
7806
7808
7809
7810
7818
7843
7844
7849
7855
7859
7860
7863
7865
7870
7919
7960
7962
7971
7973
7989
8003
8011
8056
8070
8096
8102
8141
8143
8158
8163
8172
8180
8189
8204
8216
8235
8260
8261
8264
8268
8304
8326
8329
8337
8352
8409
8444
8446
8454
8459
8469
8471
8529
8540
8547
8561
8662
8698
8705
8740
8742
8745
8747
8750
8755
8758
8763
8766
8770
8773
8794
8799
8819
8824
8839
8842
8858
8860
8865
8869
8884
8887
8889
8891
8894
8896
8899
8904
8927
8931
8935
8944
8945
8946
8962
8970
8981
8992
8997
9053
9057
9060
9065
9069
9073
9074
9080
9082
9083
9088
9090
9091
9094
9097
9110
9112
9168
9194
9195
9269
9299
9310
9320
9340
9346
9348
9351
9368
9387
9390
9400
9404
9409
9412
9417
9418
9424
9427
9429
9448
9449
9450
9459
9460
9461
9463
9464
9467
9481
9486
9496
9499
9500
9501
9508
9514
9530
9531
9532
9554
9585
9633
9635
9651
9672
9696
9700
9707
9709
9724
9734
9736
9740
9773
9803
9838
9870
9871
9883
9892
9898
9899
9902
9918
9986
10145
10163
10165
10167
10170
10174
10176
10180
10183
10201
10284
10293
10298
10304
10306
10308
10333
10337
10347
