3688
3715
3717
3723
3726
3745
3746
3747
3778
3812
3815
3823
3839
3845
3848
3850
3851
3861
3862
3867
3877
3887
3889
3890
3896
3914
3926
3937
3941
3948
3952
3965
3972
3976
4000
4014
4019
4037
4110
4145
4181
4195
4204
4213
4216
4217
4219
4230
4234
4247
4255
4256
4263
4267
4268
4273
4280
4287
4299
4311
4319
4344
4352
4357
4374
4386
4396
4420
4428
4435
4436
4437
4468
4476
4496
4499
4509
4520
4530
4537
4562
4577
4601
4637
4664
4668
4691
4692
4773
4798
4803
4812
4819
4831
4843
4845
4848
4858
4862
4864
4877
4879
4897
4921
4929
4930
4932
4936
4939
4960
4971
4974
5002
5020
5022
5023
5025
5035
5038
5043
5044
5060
5066
5067
5125
5151
5162
5173
5176
5177
5186
5189
5195
5199
5203
5210
5217
5227
5229
5240
5251
5252
5261
5272
5276
5284
5287
5303
5322
5334
5335
5339
5341
5349
5350
