2058
2059
2060
2062
2092
2120
2127
2128
2129
2130
2150
2165
2166
2169
2204
2208
2209
2210
2294
2307
2327
2328
2337
2370
2376
2380
2438
2459
2475
2476
2497
2521
2546
2571
2572
2595
2601
2603
2615
2638
2656
2664
2710
2740
2995
3031
3036
3096
3146
3179
3254
3259
3260
3267
3292
3376
3377
3389
3400
3412
3418
3423
3433
3439
3458
3460
3463
3464
3479
3491
3497
3503
3553
3564
3606
3608
3609
3614
3649
3650
3710
3718
3739
3742
3743
3810
3811
3820
3837
3838
3840
3895
3942
3943
3981
3984
3985
3986
4004
4033
4041
4123
4155
4241
4245
4261
4264
4266
4293
4295
4296
4397
4398
4403
4409
4429
4474
4503
4514
4515
4536
4662
4682
4743
4795
4811
4844
4850
4852
4931
4954
4955
4956
4967
4986
4989
5013
5024
5044
5045
5048
5058
5062
5068
5072
5077
5078
5161
5178
5206
5211
5212
5220
5289
5292
5299
5319
5329
5357
5400
5459
5461
5495
5532
5612
5640
5734
5808
5905
5912
5913
5914
5915
5916
5917
5930
5958
5980
5982
6067
6219
6220
6221
6222
6223
6224
6294
6320
6428
6430
6431
6571
6598
6599
6600
6636
6760
6847
6853
6854
6855
6856
6857
6858
6859
6860
6885
6898
7042
7128
7179
7189
7196
7404
7416
7435
7436
7437
7438
7439
7455
7456
7476
7512
7514
7518
7524
7551
7552
7554
7558
7612
7749
7767
7862
7948
7968
7969
7970
7984
7985
7993
7998
8103
8119
8157
8187
8205
8206
8209
8212
8214
8215
8216
8217
8218
8278
8283
8324
8325
8347
8380
8491
8739
8847
8848
8849
8874
8879
8938
8943
8952
8959
8977
9001
9006
9045
9050
9071
9072
9093
9312
9316
9318
9325
9367
9374
9379
9382
9386
9392
9393
9394
9395
9431
9466
9468
9487
9518
9577
9592
9597
9617
9699
9701
9704
9705
9708
9717
9718
9727
9729
9730
9739
9750
9836
9837
9839
9860
9861
9863
9888
9899
9907
9949
9950
9971
10017
10168
10170
10171
10179
10211
10281
10286
10290
10302
10303
10317
10319
10345
10346
10347
10348
10349
10350
10351
10352
10353
