5368
5371
5393
5401
5405
5409
5411
5415
5435
5436
5440
5455
5496
5497
5499
5524
5548
5568
5603
5617
5618
5653
5659
5661
5754
5921
5932
5942
5950
5952
5981
5984
5989
6006
6073
6157
6195
6255
6256
6274
6365
6409
6432
6448
6537
6596
6655
6661
6704
6732
6768
6770
6772
6781
6784
6797
6810
6864
6945
6972
6996
7019
7039
7043
7045
7051
7194
7204
7219
7245
7246
7247
7248
7251
7306
7307
7309
7344
7345
7346
7400
7401
7415
7432
7565
7596
7620
7631
7633
7654
7655
7674
7710
7723
7726
7735
7739
7741
7745
7763
7764
7769
7773
7776
7792
7799
7806
7808
7809
7810
7818
7843
7844
7849
7855
7859
7860
7863
7865
7870
7919
7960
7962
7971
7973
7989
8003
8011
8056
8070
8096
8102
8141
8143
8158
8163
8172
8180
8189
8204
8216
8235
8260
8261
8264
8268
8304
8326
8329
8337
8352
8409
8444
8446
8454
