212
241
247
272
300
305
351
407
412
435
447
488
514
515
520
522
539
544
598
662
678
699
709
773
775
785
791
798
800
817
931
934
1017
1066
1116
1290
1361
1512
1617
1620
1654
1673
1797
1915
1937
1945
2024
2027
2098
2152
2162
2179
2189
2241
2244
2280
2291
2323
2385
2386
2410
2420
2423
2440
2459
2463
2465
2507
2517
2533
2537
2540
2544
2554
2563
2575
2583
2665
2739
2788
2800
2992
2998
3003
3016
3032
3078
3082
3085
3095
3101
3110
3126
3145
3153
3158
3161
3167
3173
3208
3230
3235
3241
3244
3250
3262
3273
3274
3284
3299
3307
3317
3323
3329
3334
3340
3345
3349
3354
3382
3387
3399
3402
3411
3428
3435
3447
3478
3480
3484
3494
3501
3517
3519
3520
3530
3535
3538
3548
3568
3573
3575
3583
3584
3599
3602
3603
3623
3633
3635
3642
3644
3666
3671
3673
