8459
8469
8471
8529
8540
8547
8561
8662
8698
8705
8740
8742
8745
8747
8750
8755
8758
8763
8766
8770
8773
8794
8799
8819
8824
8839
8842
8858
8860
8865
8869
8884
8887
8889
8891
8894
8896
8899
8904
8927
8931
8935
8944
8945
8946
8962
8970
8981
8992
8997
9053
9057
9060
9065
9069
9073
9074
9080
9082
9083
9088
9090
9091
9094
9097
9110
9112
9168
9194
9195
9269
9299
9310
9320
9340
9346
9348
9351
9368
9387
9390
9400
9404
9409
9412
9417
9418
9424
9427
9429
9448
9449
9450
9459
9460
9461
9463
9464
9467
9481
9486
9496
9499
9500
9501
9508
9514
9530
9531
9532
9554
9585
9633
9635
9651
9672
9696
9700
9707
9709
9724
9734
9736
9740
9773
9803
9838
9870
9871
9883
9892
9898
9899
9902
9918
9986
10145
10163
10165
10167
10170
10174
10176
10180
10183
10201
10284
10293
10298
10304
10306
10308
10333
10337
10347
